30 56
0 34 19
1 24 5
2 23 23
3 30 37
4 8 8
5 33 14
6 0 22
7 30 30
8 13 2
9 27 19
10 26 33
11 23 16
12 8 23
13 34 14
14 24 8
15 23 37
16 15 13
17 24 17
18 38 7
19 11 6
20 16 30
21 19 31
22 32 10
23 10 29
24 10 13
25 30 31
26 6 38
27 27 13
28 12 30
29 1 5
56
0 9
1 27
1 22
2 17
2 11
3 10
5 0
6 23
6 24
7 3
8 4
8 16
9 2
10 7
11 9
12 6
12 28
13 5
13 0
14 1
15 10
15 3
16 19
16 11
17 11
17 9
18 22
18 13
18 5
19 4
19 8
21 20
21 15
22 5
22 13
22 27
23 20
23 12
24 16
24 4
24 19
25 7
25 10
25 3
26 23
26 28
26 20
27 17
27 11
27 14
28 23
28 20
28 21
29 4
29 19
29 24